Navitas 13333 3333 1333 0 0 0 0 0
Tristan 13333 3333 1333 0 0 0 0 0
Incursus 13333 3333 1333 0 0 0 0 0
Imicus 13333 3333 1333 0 0 0 0 0
Atron 13333 3333 1333 0 0 0 0 0
Maulus 13333 3333 1333 0 0 0 0 0
Algos 39253 11483 3750 0 0 0 0 0
Catalyst 39253 11483 3750 0 0 0 0 
Thorax 400000 100000 36000 9000 1500 350 140 0
Vexor 400000 100000 36000 9000 1500 350 140 0
Celestis 400000 95000 28800 8000 1000 280 112 0
Exequror 400000 95000 28800 8000 1000 280 112 0
Brutix 2555556 666667 180000 0 0 0 0 0
Myrmidon 2555556 666667 180000 0 0 0 0 0
Talos 3640000 1020117 234000 0 0 0 0 0
Hyperion 8000000 2581444 600000 161433 12000 6000 3000 0
Megathron 8000000 2581444 600000 161433 12000 6000 3000 0
Dominix 8000000 2581444 600000 161433 12000 6000 3000 0
Shuttle 2778 0 0 0 0 0 0 0 0
Nereus 47222 9333 3750 356 133 34 12 0
Kryos 47222 9333 3750 356 133 34 12 0
Epithal 47222 9333 3750 356 133 34 12 0
Miasmos 47222 9333 3750 356 133 34 12 0
Iteron 47222 9333 3750 356 133 34 12 0